time,x,y,z,phi,theta,psi,x_velocity,y_velocity,z_velocity,phi_velocity,theta_velocity,psi_velocity,rotor_speed1,rotor_speed2,rotor_speed3,rotor_speed4
0.06,8.52154189909e-08,9.90233561468e-08,0.00494235428749,6.28274640742,6.2830476908,0.0,1.00199254083e-05,-1.34165088868e-05,0.164734934574,-0.0289100814236,-0.00732876332379,0.0,458.257550828786,457.67477280167793,457.1415330636544,454.83252158093194
0.12000000000000001,5.13405285676e-06,-1.65645821897e-05,0.0180812879167,6.28105677571,6.28215087693,0.0,0.000219160353496,-0.00071878479498,0.273208896162,-0.0267022779823,-0.0380434202875,0.0,441.5292969923059,438.9884191444184,438.88987755765754,439.07282587949067
0.18,4.66345969478e-05,-0.000107432846341,0.0364652578646,6.27922916012,6.28014750169,0.0,0.00137080662269,-0.00247522271704,0.339571379119,-0.0392964343886,-0.0254130853908,0.0,426.0767907499124,427.1545256305192,426.29404293524954,425.216308115561
0.23999999999999996,0.000200703349011,-0.000350956094939,0.0607890916559,6.2766887716,6.27833083147,0.0,0.0039403473083,-0.00590242775591,0.471175500512,-0.0492503147934,-0.0424137791765,0.0,447.67485601936846,446.28926115000604,447.34516929436177,446.5330403674797
0.3,0.000573061470338,-0.000883965538575,0.0969392132788,6.27436249614,6.27585324531,0.0,0.00878737474562,-0.0121895030014,0.733692816144,-0.0233904591375,-0.0391415666699,0.0,486.225090168612,486.4693902402297,484.7175776693228,486.6560239825333
0.36000000000000004,0.00130080605715,-0.00184963173247,0.149124676838,6.2731562148,6.27308718737,0.0,0.0157874819169,-0.0201629711243,1.00561930249,-0.0142325455697,-0.0660458488204,0.0,489.696309481068,487.6899283592201,488.9954011902859,489.67708923464016
0.4200000000000001,0.00248866666972,-0.0032851360847,0.214018154834,6.27275963027,6.26872201356,0.0,0.0242569911135,-0.0277507459485,1.15734905525,0.0054182477792,-0.0915983498551,0.0,455.22800248958987,453.17467468054696,453.1490183270219,454.7258162512673
0.48000000000000015,0.00425209257399,-0.00515571417702,0.285691700085,6.27363166457,6.26315646575,0.0,0.0350657061935,-0.0345379228645,1.23168317422,0.0283735881759,-0.0951861993288,0.0,429.7584890979635,429.4467040707296,429.57823440204106,431.52010173085245
0.5400000000000001,0.00671724097149,-0.00738628649363,0.35907248991,6.2754136016,6.2577146932,0.0,0.0475771940613,-0.0396670869953,1.21435249936,0.0322255685537,-0.0829664942461,0.0,398.5791956005125,399.68629790850696,399.8195784165698,400.170715877128
0.6000000000000002,0.0100291957478,-0.00989441919198,0.431603122311,6.27775354538,6.25286384853,0.0,0.0632417925835,-0.043752352296,1.20333638962,0.0499307718916,-0.076916799703,0.0,400.89158149144873,401.4347866743971,401.5031893959886,403.1070464383939
0.6600000000000003,0.014501182533,-0.0126256546529,0.507866972396,6.28057517847,6.24802886539,0.0,0.0863248929137,-0.0469754549872,1.33862747137,0.0404774401373,-0.0891594408243,0.0,449.8711021960358,448.8735698621677,450.05497696723995,449.29055542275404
0.7200000000000003,0.0204013992623,-0.0154874051595,0.590460186246,6.28286215164,6.24274883354,0.0,0.110868342265,-0.0481835816709,1.41436858316,0.0329189361831,-0.0857794779013,0.0,430.5748997785597,430.85401626634996,431.7721403196848,431.13479667998985
0.7800000000000004,0.0279823964744,-0.0183771678838,0.68009530605,0.00198352064095,6.23736154164,0.0,0.14240398302,-0.0479029105966,1.57323686811,0.0476782375403,-0.0993291685774,0.0,457.76133214436817,456.6753321308451,456.9220463826669,458.09772353383823
0.8400000000000004,0.0376969779882,-0.0211888819023,0.781758954906,0.00475471179637,6.23146092078,0.0,0.182127432403,-0.0454754062203,1.81516012329,0.0430234997144,-0.0964435932421,0.0,482.2259882389691,482.4364192900392,482.7759166102661,482.425679046004
0.9000000000000005,0.049577344171,-0.0238231807585,0.891046471888,0.00728471853282,6.2257515733,0.0,0.214394545167,-0.0421072178803,1.82770490893,0.0403963250035,-0.0926989415239,0.0,411.8287311028818,412.15130915665077,411.86335626733177,411.6320647678593
0.9600000000000005,0.0636361330297,-0.0261917770436,1.00348796039,0.00946960266142,6.2206735664,0.0,0.254754563729,-0.0366134782016,1.92015544098,0.0269460171381,-0.0720610782942,0.0,437.4773567751238,439.18610527197126,438.6051127221992,437.48730188179127
1.0200000000000005,0.0802310771455,-0.0281865795446,1.121711666,0.011266989278,6.21651788246,0.0,0.298829352888,-0.0297071316054,2.02042729032,0.0353831164673,-0.0641821257806,0.0,440.74438648584027,441.3913456915844,440.7380136027124,441.43503257043733
1.0800000000000005,0.0996838266927,-0.0297056064574,1.24786960096,0.0134936702875,6.21299114044,0.0,0.349981943317,-0.0206883288521,2.18449943349,0.0403605782591,-0.049719983817,0.0,460.1699327131199,461.3109108636335,461.5582267454079,461.95144913475093
1.1400000000000006,0.121963714966,-0.030694693227,1.37938012722,0.0158583445299,6.21005908809,0.0,0.392939878362,-0.0120680099237,2.19912782994,0.0374420875582,-0.0472155008089,0.0,414.4228164041635,414.6412228711777,414.27108970533067,414.0153015769083
1.2000000000000006,0.147219317062,-0.0310479186377,1.51646177316,0.0180959036876,6.207545978,0.0,0.449182845421,0.000539970825534,2.36988499054,0.0369921672175,-0.0329282449929,0.0,464.07251865992043,465.1916638985829,463.5823302125542,463.5475671797747
1.2600000000000007,0.175891052628,-0.030595678332,1.6636542581,0.0207453200597,6.20664577195,0.0,0.506654830138,0.0148031377227,2.53614919146,0.0555980634535,0.00733480673997,0.0,462.04684594851625,465.2100918446823,462.68036302642963,464.1438195242084
1.3200000000000007,0.207880467081,-0.0292628228243,1.8189754074,0.0241864662641,6.20736058457,0.0,0.559573386375,0.0299684634006,2.64097303445,0.0606473188175,0.0197802055396,0.0,444.6245298330904,445.64284873870054,445.49898290556314,445.9138913434376
1.3800000000000008,0.242914370105,-0.0269837272257,1.97911007916,0.0281088208756,6.20860273892,0.0,0.608089747262,0.0463603381385,2.69671038207,0.0734524875326,0.0224861211598,0.0,430.9592410177862,431.18789667041824,428.9531934015104,430.04250186960934
1.4400000000000008,0.280645625549,-0.0237155921375,2.1400707904,0.0325228815877,6.20960324611,0.0,0.649514611396,0.0629458568553,2.66870332287,0.0737969409776,0.00132071186773,0.0,403.99903211336886,402.08606336029965,401.9054977498874,401.94155612789393
1.5000000000000009,0.321027363218,-0.0192959804223,2.30178875716,0.0375192786149,6.21002261303,0.0,0.696499682581,0.0848224503053,2.72174716248,0.0975243073868,0.0164258805962,0.0,429.36502024054965,430.644528905956,428.20174961046064,430.22117816237045
1.560000000000001,0.364373920278,-0.0133791596084,2.46885056399,0.0437262737493,6.21072089133,0.0,0.748261770686,0.113032222823,2.84664567214,0.113235510808,-0.000257187962223,0.0,453.2240318653026,451.88108641704986,452.2323149118597,453.5050235584252
1.620000000000001,0.410652861175,-0.0057324936902,2.6411966183,0.0507560842361,6.21089742956,0.0,0.794341620698,0.142506479246,2.89805195226,0.124039864849,0.00867658184223,0.0,430.1882221591592,430.9439956739288,429.27714172658096,430.20572860198115
1.680000000000001,0.459696025707,0.00382434977082,2.81671091275,0.0579115347696,6.21104816773,0.0,0.840373066553,0.176744284437,2.95223815416,0.107394660698,-0.0141648936326,0.0,433.7540303594576,431.8315016289279,430.7739445354188,429.3772573736647
1.740000000000001,0.511482003901,0.0155546133967,2.99520789729,0.0644685656477,6.21027071692,0.0,0.885882786187,0.214866656851,2.99748467288,0.112814263374,-0.0106460008328,0.0,428.65651953691207,428.95556331322024,428.8558148418465,429.3268964576223
1.8000000000000012,0.566110037033,0.0297891628773,3.17777009702,0.0724113966028,6.20985127383,0.0,0.935073950691,0.260355727788,3.08760712919,0.155965864238,-0.000532347321731,0.0,443.47815270207155,444.3082157926416,441.8327498758412,445.3911044806382
1.8600000000000012,0.623696490672,0.0469256829829,3.3657681878,0.0817229291774,6.2100438717,0.0,0.984433124104,0.311780754717,3.17865294655,0.15360030482,0.00980460938282,0.0,444.6667200127906,445.51267852158605,444.47449180207127,444.30335160828747
1.9200000000000013,0.684422971079,0.0675505456611,3.56176271167,0.0912781736398,6.21059174084,0.0,1.03966602389,0.376733798841,3.35388209361,0.168658743797,0.00774900460539,0.0,470.14601994997014,469.9865957421789,471.871821321934,473.0550943505512
1.9800000000000013,0.748428685341,0.0922697874448,3.76797985305,0.101580398777,6.21067201017,0.0,1.09376907975,0.448331369652,3.51938360397,0.177180462922,-0.0163085826186,0.0,469.94066408688917,468.0721085494616,469.9330705957196,470.6196317545078
2.0400000000000014,0.815452048933,0.121193834933,3.9809612791,0.11268357924,6.20970071852,0.0,1.14040770496,0.516825906944,3.57965256889,0.197377802029,-0.0159485103457,0.0,437.81520874999813,437.8452549060129,438.11440589701664,439.8237961770566
2.1000000000000014,0.885188676539,0.154289848442,4.19616863357,0.124697253437,6.20867896504,0.0,1.18421530495,0.58742784186,3.5937071876,0.205384791072,-0.0192831827835,0.0,424.79628065415886,424.5102778197618,423.14301788158326,423.87312430852984
2.1600000000000015,0.9576430009,0.191964462084,4.41316034544,0.13756800531,6.20785627477,0.0,1.23099153055,0.669551567038,3.63899147392,0.228346598266,-0.0044115502948,0.0,434.2800002060349,435.5257891018718,433.833856928722,435.8035105654629
2.2200000000000015,1.03292052053,0.234827339372,4.63292358404,0.151066541078,6.20767548635,0.0,1.27824777558,0.7604597229,3.68605154155,0.217215221769,-0.000353384433628,0.0,436.84235556590573,437.18070288915,435.9326130092773,435.05267267217323
2.2800000000000016,1.11123471717,0.283807781825,4.85811032407,0.164545577657,6.20764587356,0.0,1.33217115798,0.873557717893,3.81942845519,0.23642266984,-0.000775380184366,0.0,464.74850996617937,464.71544238390453,463.08095671304534,464.6367223075219
2.3400000000000016,1.19261036238,0.33949278055,5.08902034816,0.178423313868,6.20739927206,0.0,1.38032428746,0.983901910064,3.87705770074,0.218340389723,-0.0117908831002,0.0,442.67632483453536,441.76895770096735,442.82229848200984,441.38543788846226
2.4000000000000017,1.27715474634,0.402714906367,5.32690839382,0.191743467395,6.20634586765,0.0,1.43784526597,1.12485381144,4.05152901948,0.228460703672,-0.0327472275283,0.0,480.2130296250837,478.62068230571043,478.9741089900868,479.78795278358723
2.4600000000000017,1.36512158444,0.474561876645,5.57450470908,0.205247624741,6.2038853324,0.0,1.4945481241,1.2713848364,4.20067834007,0.217254154071,-0.0677147502199,0.0,475.12486283943963,472.4350740896233,474.47950724915404,473.6649992039023
2.520000000000002,1.45663302146,0.555702036964,5.83196805877,0.218810592357,6.1998033986,0.0,1.55622338436,1.43460261768,4.38020660833,0.23949112286,-0.0686745424728,0.0,485.07978845170396,485.00464436102703,484.29250343005185,486.00774825410133
2.580000000000002,1.55173082363,0.646410889816,6.0977360074,0.23335484711,6.19667316864,0.0,1.61400434022,1.59034500778,4.47777960582,0.247662771951,-0.0310004079435,0.0,460.98920971802283,463.95484214412863,462.73827462403585,463.4371959489996
2.640000000000002,1.65028961164,0.746597091069,6.36859969012,0.248290237123,6.19500972247,0.0,1.6714011471,1.7505135026,4.55013797112,0.251326882106,-0.0218675123457,0.0,456.4489089146152,457.1770806232494,456.76117545790476,457.11353718451653
2.700000000000002,1.75206570503,0.855972627908,6.64094623367,0.263292763841,6.19360275047,0.0,1.72122104246,1.89654769095,4.52762548092,0.247346202707,-0.0268173582862,0.0,427.849181337773,427.42740185725773,427.87980069649427,427.60609255457393
2.760000000000002,1.85746314896,0.976141314021,6.91841305962,0.277865856536,6.19207089109,0.0,1.79209080798,2.11044836304,4.71968404032,0.232027831647,-0.0230752623752,0.0,496.8191695472769,497.09345102342905,496.3841410788712,495.31067544086625
2.820000000000002,1.96703652551,1.10914902009,7.20617235794,0.29175390138,6.19076214763,0.0,1.86039168115,2.32434748854,4.87085353721,0.230324637023,-0.0193994760662,0.0,487.3954393740181,487.67015089347353,487.35593809572043,487.27675324278823
2.880000000000002,2.08070970237,1.25522076368,7.5026742619,0.30579810396,6.18977960253,0.0,1.92871322738,2.54587443274,5.01107784112,0.240657446252,-0.0109267933943,0.0,486.349994887664,486.9843701198346,487.0895279055491,487.91087726723754
2.940000000000002,2.19827909701,1.41418023575,7.80527460114,0.320980106771,6.18933527043,0.0,1.99022819346,2.75395666981,5.074461876,0.270380611924,-0.00115806682732,0.0,465.3142004188414,466.07855231600115,465.8448359328027,468.2232263744559
3.000000000000002,2.31925217007,1.5849426213,8.10867176225,0.336809499187,6.18888120543,0.0,2.04217630743,2.93932459467,5.0381222625,0.245647854948,-0.0252067995735,0.0,437.08035074780815,435.0711483127714,437.1411142533646,435.1456808689504
3.0600000000000023,2.44348365428,1.76754651441,8.4111350015,0.351652507696,6.18717407436,0.0,2.09895069813,3.14855013632,5.04305065577,0.250640004713,-0.0358935156899,0.0,451.2133743696435,450.34940310064013,452.0052674410858,452.4675628206761
3.1200000000000023,2.57147541309,1.96412005474,8.7169408895,0.366439555575,6.18470132186,0.0,2.16755939543,3.40497588585,5.14883779693,0.23640320572,-0.0548378214443,0.0,485.848650477475,484.42512831437733,487.27384550261075,486.2630401843768
3.1800000000000024,2.70376170372,2.17681459376,9.03012705014,0.380787934797,6.18134558314,0.0,2.24220583869,3.6857823595,5.2887507646,0.244107485881,-0.0582048780405,0.0,499.5281414158276,499.2807574481048,499.9936454772521,500.6047206559581
3.2400000000000024,2.84025543785,2.40539278448,9.34844982238,0.395247277244,6.17756015296,0.0,2.307834209,3.93441198221,5.32064293844,0.233897388859,-0.0752884421748,0.0,470.71243888825995,469.3854911298792,470.5267942111797,469.78998088648467
3.3000000000000025,2.98066688601,2.6487876839,9.66774300172,0.408857348407,6.17275805609,0.0,2.37288960274,4.1795658196,5.32124326755,0.206478865679,-0.0917903739853,0.0,462.7777932072366,461.47172235872387,464.6332521430386,462.52616722672025
3.3600000000000025,3.12491575207,2.90653815181,9.98567026492,0.421419660593,6.16685776915,0.0,2.43583083278,4.41278985313,5.27541023732,0.214598834245,-0.116514456138,0.0,451.20983047154147,449.2003278631874,449.2095805754962,449.9102224897768
3.4200000000000026,3.27321738851,3.17904873591,10.3020550737,0.434437347426,6.15966141636,0.0,2.50811682875,4.67151600672,5.26943535511,0.221303816196,-0.12785263465,0.0,465.753249952156,464.85306594543914,465.6230613028038,466.1915117913232
3.4800000000000026,3.42598260773,3.46723993171,10.6178818058,0.448028356388,6.15206548865,0.0,2.58465356805,4.93546377466,5.25673981356,0.23529388897,-0.124204533656,0.0,466.4490199878041,466.7201227840428,465.6148642967961,466.7563894076893
3.5400000000000027,3.58285029037,3.76940699491,10.9285602834,0.462048089129,6.14494639661,0.0,2.64477641597,5.13752458138,5.09880205014,0.230188435265,-0.109385250584,0.0,417.99801227444016,419.2741043831953,417.43579098568483,417.04817801530356
3.6000000000000028,3.74382160104,4.08511999742,11.2322167196,0.476954825125,6.13841014573,0.0,2.72138741086,5.38689758189,5.02199339945,0.271013905499,-0.108057510751,0.0,448.0091089635469,448.10673002623713,447.7766474369884,451.14515565052517
3.660000000000003,3.90939324811,4.41566636321,11.5305164991,0.492918647894,6.13239567496,0.0,2.79807558197,5.63206086078,4.92027800101,0.253688042687,-0.0879789467943,0.0,441.98508200479273,443.628331865259,443.0380736853151,441.68223336465127
3.720000000000003,4.07968046014,4.76118931083,11.8227326327,0.507948707925,6.12774917021,0.0,2.87845137014,5.88599886083,4.8192043161,0.243230493046,-0.0620015288149,0.0,444.16143699672455,446.28238085230635,445.86258263688404,445.06981304188224
3.780000000000003,4.2549772431,5.12250171484,12.109444262,0.522556727929,6.1245707924,0.0,2.96491001186,6.15826513479,4.7366382918,0.243934903247,-0.0392393824121,0.0,454.13289239024806,455.95362490952067,454.0971370401981,454.21154569911795
3.840000000000003,4.43557673387,5.50055373764,12.3914775127,0.537273536195,6.1220180109,0.0,3.0550998308,6.44391991077,4.6631261897,0.247838195539,-0.0501502956593,0.0,462.47170253768275,461.6103051499726,459.3665344363931,459.7340484980805
3.900000000000003,4.62144005753,5.89533999005,12.6680032805,0.55203447607,6.1190737142,0.0,3.14043069842,6.7160711929,4.55325158558,0.242104687589,-0.0469977852623,0.0,450.0959644612327,450.3496503403716,451.7092657815154,451.30606256619336
3.960000000000003,4.81234590424,6.30624572939,12.937228495,0.56609338165,6.11590462816,0.0,3.22318761953,6.98118693896,4.41992556285,0.210402148321,-0.068198997584,0.0,445.0591426221638,443.31794149297497,446.97471076479565,444.43612973079723
4.020000000000002,5.00862398496,6.73433810754,13.2001566928,0.578570262686,6.11235090202,0.0,3.31952194301,7.28861294054,4.34292183918,0.202532935234,-0.045564388637,0.0,467.8999270183409,469.65686589289226,468.0547547203972,467.481868224911
4.080000000000001,5.20975608989,7.17790700124,13.4536469631,0.591280722145,6.1100397156,0.0,3.38501542668,7.4974637051,4.10663496445,0.225884944923,-0.0272338358391,0.0,409.9252476889389,411.5505898203731,407.8223301495908,409.9513493386227
4.14,5.41536731324,7.63578588834,13.6954279268,0.604822699853,6.10822124181,0.0,3.46866275625,7.76539156403,3.95182618483,0.225327116886,-0.0372990495144,0.0,443.2634796764571,442.4349552186254,443.6953508922565,443.700192021625
4.199999999999998,5.62614335058,8.11026185601,13.9284269948,0.617911107672,6.1059471685,0.0,3.55718501476,8.05055902346,3.81370378122,0.197214497036,-0.0391333064383,0.0,452.6838589570672,452.53552662306794,452.8491970647598,450.62681072869077
4.259999999999997,5.84180350577,8.60048247635,14.1510031746,0.629743510784,6.1034160225,0.0,3.63155484639,8.29029184785,3.60506203096,0.197191182941,-0.0491198655356,0.0,427.7257306241644,426.87299828016427,426.1222109194144,426.16006450335226
4.319999999999996,6.06299601816,9.1085320723,14.365636165,0.64165533557,6.10002852229,0.0,3.74146456855,8.64422822582,3.54755013691,0.201078607578,-0.0781499386129,0.0,488.2772029788022,486.1038272187467,486.15894430715264,486.4850376969914
4.379999999999995,6.28998657586,9.63515477571,14.5730322033,0.653571978325,6.09535347247,0.0,3.8250640286,8.9097679194,3.36482747559,0.193161427384,-0.0774568951101,0.0,442.0613028517627,442.11356554656373,444.5672502543955,443.95638840171415
4.439999999999993,6.52252334733,10.1792676557,14.7713576582,0.665056559953,6.09081885342,0.0,3.92625413522,9.22687197701,3.24461980596,0.187659909773,-0.0720617987178,0.0,470.62909665506356,471.0424904183175,469.6963609736382,469.30287568710986
4.499999999999992,6.76047585213,10.7401872014,14.9594950432,0.676858516518,6.08688759377,0.0,4.0056366956,9.47035948872,3.0260906806,0.210431666227,-0.0548996078315,0.0,434.5661782422658,435.9995903740853,431.8728822367756,433.8284220138761
4.559999999999991,7.00330639533,11.3159925664,15.1347687797,0.689199375573,6.08319481268,0.0,4.08877542185,9.72301570205,2.81565927001,0.193929326271,-0.0801415097401,0.0,441.24197437003806,439.1493246538492,438.7510700363351,437.42027174217856
4.6199999999999894,7.25147872,11.9079664691,15.2985398962,0.700986940014,6.07858347267,0.0,4.18373017637,10.0089950408,2.64231057406,0.201084972028,-0.0709861099845,0.0,455.74491539592196,456.47184413974236,456.75980548620385,457.36680402807974
4.679999999999988,7.50521729974,12.5165530404,15.4511587006,0.713341280975,6.07427274555,0.0,4.27429118786,10.2768497706,2.44407580504,0.214116760073,-0.0736210326495,0.0,449.80149393821506,449.5840582556228,448.1589647616142,449.258364457447
4.739999999999987,7.76442994718,13.1412171778,15.5917919922,0.726071498441,6.06946230377,0.0,4.36619685787,10.5448668232,2.24272049223,0.207969851406,-0.0983764401996,0.0,451.0231697440555,449.013120455521,451.30915592152746,450.85617437171334
4.799999999999986,8.02903857629,13.7814492569,15.7196747225,0.738269016236,6.06437837993,0.0,4.45422961971,10.7957867965,2.01925297104,0.191766908105,-0.0661257047067,0.0,441.98867621319164,444.6333935059851,444.90711768599544,443.61828046887234
4.859999999999984,8.29918338591,14.4373609279,15.8347793555,0.74995458368,6.06046856745,0.0,4.55058339096,11.0673259452,1.81664562699,0.20014977801,-0.0633063678865,0.0,455.09313693736976,455.3158251883625,454.4753303615351,455.18299071092923
4.919999999999983,8.57470496975,15.1082392107,15.9362551641,0.762531192973,6.05670862255,0.0,4.63350435371,11.2949314425,1.56535900533,0.22383006973,-0.0614149120119,0.0,436.4915034803714,436.64648348117424,434.6399123006662,436.66442131757265
4.979999999999982,8.85550093214,15.793584809,16.0234593209,0.776144390324,6.05310813803,0.0,4.72629950523,11.5493653504,1.34050128016,0.232379607874,-0.0573343612934,0.0,450.2456338364637,450.57330170348405,449.03387099882326,449.7775762624496
5.0399999999999805,9.14131812976,16.4924923815,16.0953684937,0.789811032674,6.0495855644,0.0,4.8009670481,11.7473208951,1.05610540975,0.216489204125,-0.0616111454005,0.0,425.3028402842328,424.9336194622602,425.68538828372533,424.37666544340436
